3 0.570162 0.554056 0.012242 0.028453
2 0.656319 0.454477 0.033899 0.110009
0 0.187864 0.599575 0.025426 0.108113
0 0.203401 0.566382 0.022602 0.091047
0 0.255191 0.499996 0.043313 0.117594
0 0.235886 0.397572 0.023539 0.106216
0 0.282496 0.316015 0.030133 0.091047
0 0.332402 0.305581 0.033899 0.081556
0 0.401612 0.406114 0.040488 0.108113
0 0.457167 0.382402 0.044254 0.106216
0 0.519787 0.455425 0.033899 0.104320
0 0.605000 0.520863 0.036723 0.121386
0 0.590879 0.370072 0.032957 0.115707
0 0.668091 0.381453 0.032957 0.111905
0 0.866301 0.369123 0.028250 0.113810
0 0.935511 0.451632 0.031075 0.115698
0 0.964230 0.450684 0.024480 0.117594
0 0.914794 0.261011 0.025422 0.094830
