3 0.604532 0.560693 0.011301 0.022764
2 0.784851 0.496203 0.021656 0.121386
0 0.246716 0.624231 0.026363 0.115707
0 0.268845 0.655523 0.036723 0.106216
0 0.309332 0.547415 0.023539 0.128980
0 0.323459 0.468703 0.032957 0.130877
0 0.383250 0.414647 0.028250 0.113801
0 0.382309 0.315067 0.032016 0.089150
0 0.411501 0.327397 0.037664 0.087245
0 0.480708 0.334034 0.029187 0.096726
0 0.527318 0.520863 0.032016 0.110009
0 0.611594 0.523708 0.027309 0.119490
0 0.701048 0.423180 0.036723 0.130868
0 0.719409 0.377661 0.030133 0.115698
0 0.987298 0.862267 0.019774 0.178292
