3 0.482591 0.514222 0.014125 0.032236
2 0.832402 0.555000 0.037664 0.140358
0 0.218939 0.700098 0.040488 0.138462
0 0.290972 0.633716 0.043313 0.127075
0 0.326283 0.548363 0.038606 0.130877
0 0.346528 0.471543 0.026368 0.113801
0 0.377131 0.415595 0.036723 0.100528
0 0.391725 0.370072 0.026363 0.081556
0 0.393608 0.339723 0.026363 0.077764
0 0.515546 0.334982 0.036723 0.098623
0 0.580990 0.511377 0.041430 0.117603
0 0.683155 0.445944 0.017891 0.115698
0 0.696810 0.506632 0.022598 0.108113
0 0.768373 0.402317 0.037669 0.119499
0 0.836641 0.905894 0.055555 0.159320
