3 0.591818 0.537929 0.010360 0.022764
2 0.769787 0.468699 0.034840 0.123283
0 0.270726 0.630872 0.057438 0.125179
0 0.319221 0.629924 0.048965 0.123283
0 0.308863 0.521811 0.030133 0.123283
0 0.338994 0.443095 0.033894 0.128980
0 0.399258 0.400420 0.028250 0.123292
0 0.375717 0.304638 0.026363 0.098631
0 0.397376 0.297996 0.026368 0.085349
0 0.486359 0.334987 0.029192 0.110009
0 0.537678 0.499047 0.033899 0.115698
0 0.596998 0.543623 0.026368 0.121395
0 0.698222 0.362482 0.019774 0.119490
0 0.709050 0.403265 0.030133 0.113810
0 0.982120 0.381449 0.030129 0.134669
