3 0.570633 0.569226 0.011301 0.020868
2 0.750011 0.466802 0.032953 0.119490
0 0.254250 0.623283 0.037664 0.125188
0 0.314982 0.620438 0.059325 0.115707
0 0.296621 0.517066 0.043313 0.125188
0 0.331932 0.431713 0.042371 0.117594
0 0.354061 0.301789 0.020715 0.085349
0 0.374305 0.298945 0.017891 0.083453
0 0.394552 0.398524 0.037664 0.123292
0 0.475528 0.335930 0.032016 0.115707
0 0.540972 0.489566 0.034840 0.111905
0 0.584756 0.536033 0.032016 0.125179
0 0.677036 0.365331 0.026363 0.117603
0 0.700577 0.387142 0.030133 0.127075
0 0.958579 0.376708 0.033899 0.125188
