3 0.563572 0.504736 0.017891 0.028453
2 0.795209 0.680183 0.042371 0.170707
1 0.442100 0.499996 0.031075 0.110009
0 0.365360 0.503792 0.026368 0.140358
0 0.441159 0.549311 0.029192 0.125188
0 0.432214 0.504736 0.026363 0.108113
0 0.495773 0.436453 0.031075 0.104320
0 0.638428 0.443095 0.043313 0.128980
0 0.770728 0.438354 0.032957 0.130877
0 0.819221 0.474392 0.043317 0.153631
0 0.873364 0.384298 0.038610 0.117594
0 0.886075 0.607160 0.039547 0.153640
0 0.914796 0.736136 0.038606 0.161216
0 0.983532 0.476288 0.027305 0.153631
