3 0.403495 0.490514 0.012238 0.030349
2 0.895491 0.574919 0.043317 0.134669
0 0.250952 0.689669 0.032953 0.140358
0 0.355473 0.623283 0.042376 0.128980
0 0.385133 0.539830 0.033899 0.128980
0 0.453872 0.489562 0.058384 0.070179
0 0.418091 0.427920 0.024485 0.083462
0 0.424210 0.373869 0.034840 0.100528
0 0.439747 0.354897 0.028250 0.104320
0 0.591348 0.335930 0.026363 0.100519
0 0.825340 0.921650 0.053672 0.156699
0 0.659616 0.508533 0.027305 0.119499
0 0.741066 0.448784 0.037664 0.132773
0 0.830520 0.507585 0.037664 0.125188
0 0.850764 0.400416 0.034840 0.115698
