3 0.380895 0.475340 0.014125 0.030340
2 0.907733 0.586297 0.043317 0.134669
0 0.253306 0.676391 0.047083 0.132764
0 0.371952 0.619490 0.045200 0.140358
0 0.396905 0.535085 0.034840 0.115698
0 0.423741 0.454472 0.060262 0.068283
0 0.504247 0.492411 0.046141 0.060689
0 0.428448 0.371020 0.032012 0.094830
0 0.451048 0.364383 0.028250 0.096726
0 0.624305 0.339727 0.028246 0.100528
0 0.689747 0.512326 0.025426 0.127084
0 0.760369 0.454472 0.036723 0.140358
0 0.888899 0.502844 0.030133 0.130877
0 0.894552 0.402317 0.032016 0.123292
0 0.805566 0.917272 0.049907 0.163113
