3 0.467952 0.343045 0.009415 0.017849
2 0.262682 0.514331 0.022598 0.107055
0 0.081418 0.408169 0.023542 0.098136
0 0.285277 0.677581 0.026367 0.130249
0 0.352134 0.763227 0.026367 0.140946
0 0.279157 0.963241 0.029193 0.073518
0 0.392152 0.465263 0.021660 0.098136
0 0.367200 0.581238 0.024480 0.115975
0 0.523040 0.505411 0.025424 0.114187
0 0.496201 0.406381 0.026367 0.098136
0 0.523981 0.414412 0.027306 0.074943
0 0.614846 0.475966 0.026362 0.108834
0 0.654866 0.682940 0.031075 0.133815
0 0.725484 0.511654 0.027306 0.112409
0 0.813998 0.665985 0.029188 0.124895
0 0.862021 0.617811 0.029188 0.114187
0 0.883209 0.591941 0.026367 0.112409
