3 0.338010 0.473293 0.007533 0.021405
2 0.024919 0.583021 0.023542 0.101702
0 0.007987 0.536630 0.015974 0.115975
0 0.167576 0.605325 0.032013 0.121319
0 0.245732 0.500946 0.033895 0.094570
0 0.282926 0.561611 0.027306 0.108843
0 0.332830 0.588375 0.029193 0.101702
0 0.329533 0.496487 0.028249 0.082075
0 0.394034 0.564283 0.025424 0.096348
0 0.412868 0.682940 0.019773 0.098136
0 0.428875 0.663308 0.027306 0.101702
0 0.447707 0.617811 0.031075 0.096348
0 0.481135 0.618705 0.030131 0.108843
0 0.740552 0.917562 0.036726 0.149866
1 0.740081 0.529493 0.026367 0.090994
