3 0.486784 0.377839 0.007533 0.016061
2 0.269271 0.516114 0.026362 0.110621
0 0.082830 0.402815 0.026367 0.105268
0 0.270212 0.680258 0.030131 0.142734
0 0.342248 0.763227 0.031075 0.148098
0 0.264564 0.958781 0.030136 0.082438
0 0.391680 0.462586 0.030131 0.099914
0 0.378030 0.577672 0.031075 0.115975
0 0.481135 0.412629 0.032018 0.096348
0 0.501380 0.415306 0.019773 0.083862
0 0.520684 0.508977 0.028249 0.117763
0 0.615315 0.475076 0.025424 0.107055
0 0.662397 0.683829 0.032957 0.132036
0 0.725956 0.515225 0.026362 0.115975
0 0.814939 0.663308 0.027306 0.130249
0 0.842245 0.610679 0.032957 0.114187
0 0.880383 0.591052 0.024480 0.128470
