3 0.410512 0.490244 0.007533 0.019627
2 0.315880 0.483107 0.021660 0.090994
0 0.126615 0.383188 0.017891 0.080296
0 0.408630 0.431362 0.016948 0.083853
0 0.387916 0.591941 0.024480 0.101702
0 0.439705 0.572318 0.024485 0.094560
0 0.361551 0.913996 0.028249 0.146310
0 0.454770 0.717729 0.024485 0.132036
0 0.570590 0.442065 0.024480 0.101702
0 0.616259 0.394790 0.023537 0.085641
0 0.648272 0.394785 0.019773 0.089207
0 0.725015 0.437605 0.033895 0.082075
0 0.666635 0.657065 0.024480 0.114187
0 0.789987 0.503623 0.020711 0.096348
0 0.838481 0.635655 0.021655 0.114197
0 0.930759 0.591941 0.019773 0.101702
0 0.944412 0.578561 0.018835 0.114197
0 0.992906 0.755196 0.008476 0.089207
