2 0.324357 0.482213 0.014122 0.089207
0 0.119553 0.384082 0.016948 0.078509
0 0.396859 0.426902 0.019773 0.082065
0 0.353075 0.908638 0.028249 0.149876
0 0.394506 0.585698 0.026367 0.089216
0 0.463716 0.721300 0.025424 0.117763
0 0.459009 0.571424 0.019773 0.096348
0 0.571531 0.424226 0.020711 0.083862
0 0.628971 0.390330 0.018829 0.076721
0 0.657689 0.391219 0.016004 0.074943
0 0.750911 0.426902 0.025424 0.078509
0 0.667104 0.653499 0.027306 0.107055
0 0.804112 0.505411 0.020716 0.096348
0 0.837066 0.633872 0.022598 0.114187
0 0.938764 0.591941 0.024480 0.101702
0 0.959006 0.577667 0.023542 0.108834
0 0.967013 0.756984 0.030131 0.132036
3 0.382265 0.616922 0.003764 0.016061
