3 0.431700 0.343045 0.008476 0.017849
2 0.281039 0.487567 0.017891 0.092782
0 0.110139 0.385865 0.016948 0.078499
0 0.355429 0.617815 0.021655 0.121329
0 0.394506 0.566071 0.030131 0.107055
0 0.402041 0.442070 0.018835 0.087428
0 0.409574 0.723083 0.026362 0.128461
0 0.346483 0.923805 0.035782 0.148088
0 0.543754 0.463475 0.019778 0.105268
0 0.565411 0.394785 0.019773 0.082075
0 0.601193 0.396568 0.021660 0.078509
0 0.650156 0.462586 0.021655 0.092782
0 0.738199 0.503623 0.020716 0.099924
0 0.646862 0.650822 0.024480 0.112409
0 0.815411 0.632978 0.024485 0.115975
0 0.893095 0.593724 0.016009 0.094560
0 0.897803 0.572314 0.016009 0.108834
