2 0.297989 0.480430 0.019773 0.089216
3 0.420870 0.403705 0.007533 0.014273
0 0.119556 0.384971 0.015066 0.073155
0 0.361077 0.915779 0.040489 0.146300
0 0.375204 0.602648 0.025424 0.115966
0 0.412397 0.570531 0.024480 0.098136
0 0.431703 0.718623 0.025424 0.130249
0 0.405336 0.437605 0.016009 0.092782
0 0.558348 0.458126 0.022598 0.105277
0 0.592248 0.394785 0.018835 0.082075
0 0.627086 0.400139 0.024485 0.074943
0 0.654395 0.649928 0.026367 0.117753
0 0.686879 0.445636 0.019773 0.083853
0 0.763151 0.503623 0.021660 0.099924
0 0.824826 0.630301 0.022598 0.110621
0 0.910043 0.596401 0.023537 0.099914
