3 0.531042 0.498270 0.011297 0.021415
2 0.286218 0.510760 0.022598 0.114197
0 0.088951 0.407275 0.023542 0.092772
0 0.378971 0.450989 0.029193 0.098136
0 0.246673 0.677586 0.028249 0.144522
0 0.326710 0.748064 0.028244 0.139168
0 0.230666 0.957887 0.035782 0.084226
0 0.400156 0.559823 0.026367 0.115975
0 0.464185 0.425115 0.022598 0.085641
0 0.500911 0.508083 0.028249 0.094560
0 0.609664 0.478642 0.025424 0.096348
0 0.700532 0.506300 0.028249 0.101702
0 0.668988 0.663313 0.034839 0.123107
0 0.793754 0.649039 0.030131 0.123107
0 0.783867 0.599082 0.025424 0.101702
0 0.850721 0.577667 0.029193 0.112409
