3 0.517861 0.427792 0.009415 0.016061
2 0.284808 0.506300 0.023542 0.105277
0 0.093189 0.393891 0.024480 0.090994
0 0.263623 0.678475 0.030131 0.139168
0 0.340832 0.753413 0.030131 0.146310
0 0.254205 0.959675 0.030136 0.080650
0 0.392624 0.450989 0.030131 0.091004
0 0.395449 0.566076 0.026367 0.110621
0 0.515035 0.503623 0.024480 0.107055
0 0.466539 0.427796 0.027306 0.076721
0 0.484432 0.407275 0.021660 0.078509
0 0.619553 0.469723 0.024485 0.099924
0 0.675108 0.674015 0.028249 0.126673
0 0.722661 0.507189 0.027311 0.114187
0 0.813055 0.658853 0.025424 0.124895
0 0.822003 0.601759 0.018829 0.107055
0 0.871907 0.579450 0.024480 0.126683
