3 0.451945 0.318958 0.007533 0.016061
2 0.262679 0.507194 0.024480 0.103489
0 0.088010 0.399245 0.023537 0.101702
0 0.309289 0.657070 0.027306 0.139168
0 0.370023 0.753413 0.028249 0.142734
0 0.303169 0.945215 0.030131 0.105268
0 0.370025 0.575884 0.026367 0.112400
0 0.393095 0.460803 0.021660 0.096348
0 0.521155 0.409952 0.021655 0.087419
0 0.526804 0.505411 0.021660 0.096348
0 0.555525 0.407275 0.026367 0.085641
0 0.616259 0.469723 0.025424 0.092772
0 0.726428 0.515220 0.021655 0.108834
0 0.646859 0.674909 0.028249 0.121329
0 0.813998 0.659742 0.029188 0.123117
0 0.880855 0.613356 0.025424 0.090994
0 0.881796 0.573207 0.023542 0.085650
