3 0.411942 0.580326 0.012240 0.031316
2 0.244806 0.602835 0.032015 0.111574
1 0.830494 0.474628 0.028249 0.090043
0 0.023524 0.814231 0.028249 0.131144
0 0.183130 0.781934 0.036722 0.125271
0 0.075786 0.661556 0.023541 0.107651
0 0.068722 0.534330 0.020716 0.103739
0 0.084729 0.554880 0.016950 0.093954
0 0.242922 0.391439 0.024482 0.088081
0 0.362979 0.471694 0.023538 0.095910
0 0.415710 0.438416 0.027308 0.099822
0 0.382283 0.664493 0.024482 0.105701
0 0.214675 0.633173 0.020716 0.101784
0 0.374749 0.542159 0.026367 0.088081
0 0.397820 0.550966 0.021657 0.093948
0 0.472207 0.487349 0.027308 0.088081
0 0.496688 0.603813 0.023541 0.105695
0 0.538592 0.583263 0.028249 0.107657
0 0.553186 0.553902 0.023538 0.080252
0 0.633695 0.604791 0.020716 0.115486
0 0.662885 0.664493 0.030130 0.125271
0 0.607328 0.866101 0.022598 0.090037
