3 0.445840 0.565646 0.014124 0.025449
2 0.309777 0.568582 0.024482 0.109613
1 0.897820 0.455055 0.027308 0.082214
0 0.021170 0.618493 0.023541 0.119397
0 0.118158 0.769213 0.032956 0.135055
0 0.255163 0.743764 0.033899 0.131144
0 0.160061 0.617518 0.024482 0.093954
0 0.167592 0.513776 0.020716 0.093948
0 0.191133 0.530412 0.018834 0.099828
0 0.294712 0.370889 0.022601 0.074385
0 0.284354 0.604794 0.020713 0.095910
0 0.392641 0.507906 0.026364 0.082208
0 0.409118 0.454077 0.025426 0.076335
0 0.427009 0.530415 0.025426 0.095910
0 0.437367 0.639047 0.025426 0.105695
0 0.574843 0.611645 0.016006 0.082208
0 0.465615 0.411993 0.021657 0.078290
0 0.508459 0.464843 0.028249 0.097866
0 0.605445 0.530412 0.024482 0.103739
0 0.573901 0.564668 0.023541 0.105695
0 0.678893 0.596965 0.020716 0.091999
0 0.706670 0.641006 0.027305 0.109613
0 0.662414 0.849462 0.027308 0.111568
