0 0.451962 0.429609 0.018834 0.074385
0 0.524938 0.531393 0.021657 0.093954
0 0.541886 0.646879 0.019772 0.109613
0 0.552244 0.429609 0.019772 0.097866
0 0.606858 0.367952 0.019775 0.076335
0 0.666652 0.445268 0.024482 0.093954
0 0.686896 0.494200 0.016006 0.074379
0 0.688309 0.540200 0.016950 0.095910
0 0.768817 0.648835 0.021657 0.105701
0 0.828611 0.820101 0.024482 0.123315
0 0.804129 0.570538 0.016950 0.097866
0 0.409117 0.564668 0.017891 0.101784
0 0.812602 0.602835 0.018831 0.103739
0 0.401115 0.350338 0.015065 0.088081
0 0.375691 0.672322 0.026364 0.113524
3 0.328609 0.509862 0.007533 0.023487
2 0.458553 0.491267 0.020716 0.091993
0 0.239627 0.579348 0.027308 0.111574
0 0.249043 0.694834 0.021660 0.115486
0 0.315428 0.583263 0.018831 0.095910
0 0.324371 0.472672 0.017891 0.093954
0 0.375691 0.509862 0.016950 0.093954
