3 0.331932 0.494307 0.012238 0.026556
2 0.803683 0.628023 0.032953 0.157424
1 0.400671 0.467755 0.031075 0.140358
0 0.376659 0.473444 0.028246 0.128980
0 0.443044 0.502844 0.027305 0.142254
0 0.464700 0.475340 0.025422 0.132773
0 0.492948 0.572075 0.034840 0.144150
0 0.497185 0.393784 0.037664 0.132773
0 0.602647 0.457317 0.028250 0.073971
0 0.621479 0.444043 0.030133 0.115707
0 0.659614 0.390939 0.034840 0.142254
0 0.687864 0.594830 0.029192 0.151735
0 0.752365 0.646995 0.043317 0.153631
0 0.852647 0.462062 0.036723 0.151744
0 0.979765 0.555948 0.032957 0.161216
