3 0.436923 0.497151 0.013179 0.028453
2 0.870537 0.569231 0.036723 0.146047
0 0.240595 0.695358 0.040488 0.136565
0 0.840406 0.910635 0.064969 0.172594
0 0.328166 0.627075 0.040488 0.140358
0 0.362065 0.537929 0.034840 0.125179
0 0.398788 0.475335 0.040488 0.106216
0 0.409145 0.420335 0.032953 0.102424
0 0.415266 0.370072 0.030133 0.096726
0 0.424212 0.342567 0.025422 0.079660
0 0.559334 0.337831 0.035782 0.104320
0 0.626188 0.508529 0.039552 0.115698
0 0.717997 0.448788 0.042371 0.121386
0 0.770258 0.497151 0.033899 0.130868
0 0.814512 0.401364 0.033899 0.110009
