3 0.609709 0.555004 0.014125 0.034141
2 0.788619 0.509481 0.031075 0.140358
0 0.230235 0.659320 0.036723 0.128980
0 0.247187 0.628971 0.027305 0.140358
0 0.298504 0.554052 0.028250 0.134669
0 0.312629 0.465854 0.032016 0.128971
0 0.375246 0.412750 0.038610 0.098631
0 0.377600 0.325501 0.028246 0.083453
0 0.406790 0.338775 0.039547 0.087245
0 0.479296 0.336883 0.041434 0.110009
0 0.518845 0.524656 0.035782 0.125179
0 0.688806 0.426024 0.036723 0.110009
0 0.720351 0.384298 0.030133 0.117594
0 0.944456 0.871749 0.045200 0.178292
0 0.620067 0.509481 0.031075 0.121395
