3 0.599352 0.565434 0.012238 0.028453
2 0.777789 0.477236 0.028250 0.117603
0 0.261781 0.622335 0.037664 0.127084
0 0.294267 0.641301 0.038606 0.111905
0 0.314512 0.534137 0.037664 0.125179
0 0.337109 0.454477 0.037664 0.121386
0 0.394552 0.410850 0.037664 0.121395
0 0.384192 0.307478 0.024485 0.085349
0 0.411028 0.310326 0.032953 0.087254
0 0.485417 0.329293 0.029192 0.094830
0 0.535793 0.525604 0.033894 0.108113
0 0.609711 0.526552 0.031075 0.125179
0 0.707167 0.411802 0.032016 0.115698
0 0.717056 0.368171 0.038606 0.108113
0 0.991536 0.383350 0.011297 0.115698
