3 0.324869 0.428869 0.011301 0.028453
2 0.756603 0.646995 0.031075 0.149839
1 0.418091 0.476288 0.030133 0.146047
0 0.389842 0.489566 0.028246 0.127075
0 0.444456 0.562589 0.030129 0.125179
0 0.445868 0.497151 0.023539 0.123283
0 0.575813 0.450680 0.031075 0.083453
0 0.602647 0.481029 0.028250 0.136565
0 0.619596 0.465859 0.033899 0.075868
0 0.597940 0.387142 0.028250 0.100528
0 0.709050 0.381453 0.033899 0.100528
0 0.870067 0.469651 0.033899 0.128980
0 0.837582 0.691565 0.038610 0.166905
0 0.751423 0.579656 0.026363 0.117594
