3 0.548976 0.569226 0.013184 0.032245
2 0.677036 0.457321 0.032012 0.108113
0 0.195868 0.601471 0.030129 0.119490
0 0.223646 0.576811 0.025426 0.108113
0 0.260839 0.501892 0.032016 0.113801
0 0.260839 0.400416 0.030133 0.100528
0 0.299445 0.315067 0.030133 0.096735
0 0.340409 0.302737 0.032957 0.087245
0 0.397846 0.407057 0.040488 0.117603
0 0.454343 0.364378 0.038606 0.108113
0 0.522140 0.465854 0.032957 0.110009
0 0.599825 0.528448 0.054614 0.117594
0 0.610182 0.364378 0.041430 0.111905
0 0.675151 0.367227 0.033899 0.098623
0 0.883250 0.369123 0.033899 0.117603
0 0.953401 0.449736 0.031075 0.108113
0 0.986357 0.449732 0.023539 0.127084
0 0.943985 0.261011 0.027305 0.094830
