3 0.573928 0.525604 0.012242 0.036038
2 0.809334 0.531292 0.040488 0.142245
0 0.204343 0.694410 0.028250 0.138462
0 0.260839 0.625179 0.033899 0.132773
0 0.304625 0.550259 0.040493 0.127084
0 0.319691 0.477236 0.038610 0.098623
0 0.362065 0.406109 0.027309 0.089141
0 0.389372 0.365331 0.025422 0.083453
0 0.379012 0.344463 0.025422 0.083453
0 0.492007 0.338779 0.034840 0.110009
0 0.545209 0.510429 0.039547 0.123292
0 0.651612 0.499996 0.037664 0.110009
0 0.673739 0.449732 0.032957 0.130877
0 0.740595 0.393779 0.034840 0.125179
0 0.856885 0.901149 0.048965 0.176395
