3 0.623834 0.545519 0.012242 0.026547
2 0.797562 0.518962 0.035782 0.132773
0 0.207167 0.675443 0.041430 0.130868
0 0.250482 0.632764 0.039552 0.140358
0 0.301328 0.553104 0.037664 0.132773
0 0.310275 0.463010 0.031075 0.108113
0 0.364418 0.414647 0.022602 0.106216
0 0.373364 0.330242 0.029187 0.089141
0 0.398317 0.353949 0.039547 0.094839
0 0.479294 0.336883 0.033899 0.110009
0 0.520728 0.526552 0.035782 0.125179
0 0.632780 0.506632 0.039547 0.111905
0 0.680333 0.437406 0.032957 0.121395
0 0.728823 0.394727 0.035782 0.115698
0 0.901141 0.881239 0.050844 0.178292
