3 0.325340 0.382402 0.010360 0.022764
2 0.769787 0.642250 0.034840 0.163122
1 0.412913 0.476288 0.032957 0.146047
0 0.384192 0.487665 0.032016 0.130877
0 0.446810 0.500948 0.029187 0.138462
0 0.464700 0.569226 0.023539 0.134660
0 0.524964 0.479132 0.040488 0.128980
0 0.548974 0.404213 0.032016 0.130877
0 0.584756 0.458269 0.033899 0.091047
0 0.619596 0.452581 0.032016 0.094839
0 0.669032 0.382402 0.031075 0.113801
0 0.717995 0.593882 0.027305 0.149839
0 0.802742 0.670702 0.038610 0.155537
0 0.854061 0.465854 0.030129 0.159329
