3 0.548506 0.570174 0.014125 0.026556
2 0.710933 0.458269 0.030133 0.098631
0 0.220351 0.603368 0.037664 0.123283
0 0.268373 0.591042 0.041434 0.113801
0 0.277789 0.502840 0.045195 0.115698
0 0.298033 0.420335 0.040488 0.121386
0 0.323930 0.306534 0.035782 0.102424
0 0.358297 0.295152 0.031070 0.087245
0 0.395964 0.399468 0.038606 0.113801
0 0.465171 0.355845 0.043317 0.110009
0 0.532966 0.476288 0.035782 0.119499
0 0.602178 0.527500 0.049907 0.111905
0 0.641252 0.362482 0.037664 0.111905
0 0.689747 0.380505 0.036723 0.113801
0 0.915737 0.368175 0.032957 0.127084
0 0.984944 0.459217 0.024480 0.111905
0 0.987769 0.262911 0.018832 0.106216
