3 0.372422 0.466802 0.014125 0.032245
2 0.757074 0.654580 0.033899 0.153631
1 0.415737 0.483873 0.029192 0.134669
0 0.392196 0.484821 0.027305 0.125188
0 0.440688 0.555000 0.028250 0.128980
0 0.443044 0.492411 0.027305 0.113801
0 0.570162 0.444043 0.038610 0.089141
0 0.612536 0.467755 0.046137 0.064490
0 0.619125 0.419387 0.034840 0.104320
0 0.648317 0.471547 0.044254 0.140358
0 0.746243 0.381453 0.031075 0.115698
0 0.888899 0.475340 0.032016 0.140358
0 0.777789 0.602419 0.037664 0.151744
0 0.854059 0.693462 0.039547 0.159320
