3 0.556508 0.572071 0.011301 0.026556
2 0.732593 0.462062 0.035782 0.121386
0 0.235417 0.607160 0.039547 0.134660
0 0.297091 0.601471 0.042371 0.111905
0 0.287678 0.504736 0.032957 0.119490
0 0.320162 0.423180 0.045200 0.115698
0 0.339936 0.303690 0.030129 0.096735
0 0.363477 0.295152 0.026368 0.083453
0 0.391725 0.398520 0.032012 0.119490
0 0.469880 0.343520 0.037664 0.115698
0 0.536263 0.478184 0.032953 0.115707
0 0.588053 0.527500 0.025422 0.123283
0 0.661499 0.362482 0.032953 0.115698
0 0.695397 0.385246 0.038610 0.115698
0 0.938335 0.369123 0.029192 0.113810
