3 0.441118 0.318958 0.008471 0.023193
2 0.267389 0.499163 0.026362 0.101692
0 0.097896 0.390325 0.020716 0.083862
0 0.332830 0.642792 0.027306 0.132027
0 0.385563 0.732892 0.025424 0.133815
0 0.327180 0.942543 0.032957 0.114187
0 0.376143 0.572314 0.025424 0.108834
0 0.398744 0.458126 0.023542 0.098126
0 0.531042 0.489350 0.020711 0.103480
0 0.541872 0.403705 0.017891 0.082075
0 0.582359 0.401028 0.025424 0.076721
0 0.628971 0.461697 0.024480 0.094560
0 0.727838 0.503623 0.022598 0.103480
0 0.643095 0.659742 0.028249 0.108834
0 0.812586 0.649034 0.026362 0.130249
0 0.886032 0.608002 0.026362 0.101702
0 0.888857 0.570531 0.018835 0.098136
