0 0.652056 0.510839 0.019775 0.095910
3 0.477386 0.534327 0.011299 0.025443
2 0.385578 0.529434 0.023541 0.097872
1 0.978799 0.427651 0.021657 0.086125
0 0.135578 0.586199 0.026364 0.113530
0 0.206670 0.717343 0.025423 0.117442
0 0.248101 0.576411 0.019775 0.101777
0 0.331435 0.693853 0.020716 0.109613
0 0.262695 0.481482 0.020716 0.088081
0 0.347442 0.344462 0.024482 0.068506
0 0.298007 0.498118 0.019772 0.090037
0 0.357328 0.567601 0.021657 0.088081
0 0.493864 0.622408 0.021657 0.095910
0 0.421830 0.460926 0.022601 0.078296
0 0.475033 0.507903 0.021657 0.086125
0 0.468441 0.438419 0.027308 0.088081
0 0.529645 0.377740 0.016006 0.076341
0 0.566368 0.445268 0.019772 0.078296
0 0.635108 0.541178 0.017891 0.097866
0 0.680775 0.614579 0.026367 0.095910
0 0.740568 0.812272 0.025426 0.080252
0 0.745277 0.579345 0.023541 0.095910
0 0.757988 0.615560 0.018834 0.097872
