3 0.396877 0.599902 0.010358 0.031316
2 0.145464 0.639047 0.032959 0.121353
1 0.681716 0.514754 0.028249 0.088081
0 0.055068 0.704619 0.021657 0.111574
0 0.020700 0.880784 0.033896 0.138973
0 0.488686 0.936568 0.028249 0.117442
0 0.129929 0.448204 0.020716 0.107651
0 0.247160 0.715384 0.029189 0.121359
0 0.280587 0.519646 0.024482 0.097866
0 0.316839 0.481479 0.023541 0.103745
0 0.356858 0.571519 0.022598 0.099828
0 0.544241 0.728106 0.024482 0.135055
0 0.407234 0.582285 0.021657 0.082208
0 0.393111 0.563687 0.027305 0.080252
0 0.408176 0.520624 0.025423 0.080252
0 0.469382 0.561731 0.025426 0.103745
0 0.488214 0.598921 0.023541 0.111568
0 0.564957 0.632196 0.024482 0.103739
