2 0.080493 0.652749 0.029192 0.121353
1 0.596030 0.541178 0.032018 0.082208
0 0.051303 0.498118 0.025423 0.105695
0 0.135578 0.793678 0.030133 0.148758
0 0.224561 0.562709 0.025423 0.129182
0 0.247160 0.508884 0.021657 0.111568
0 0.309306 0.577389 0.029192 0.099822
0 0.363922 0.594028 0.025423 0.117442
0 0.386519 0.546070 0.027305 0.115486
0 0.437837 0.613601 0.026367 0.086119
0 0.445370 0.575431 0.020716 0.115486
0 0.472678 0.784871 0.028249 0.142891
0 0.487272 0.606750 0.032959 0.119403
0 0.536707 0.633173 0.026367 0.105695
